%Each row is timestamp, pos of camera in world frame, rotation to world from camera frame in quaternion xyzw format
0.103736   -0.001098   -0.006884    0.676598    0.000949   -0.001699    0.001363    0.999997 0.000000 0.000000 0.000000 0.000000 0.000000 0.000000 0.000000 0.000000 0.000000
0.207338  -0.017337  -0.015296   1.368063    0.001630   -0.003664    0.000637    0.999992 0.000000 0.000000 0.000000 0.000000 0.000000 0.000000 0.000000 0.000000 0.000000
0.311075  -0.033400  -0.013418   2.085796    0.002509   -0.005640    0.000825    0.999981 0.000000 0.000000 0.000000 0.000000 0.000000 0.000000 0.000000 0.000000 0.000000
0.414692  -0.048755  -0.026724   2.814166    0.002626   -0.008183    0.000029    0.999963 0.000000 0.000000 0.000000 0.000000 0.000000 0.000000 0.000000 0.000000 0.000000
0.518430 -0.067736 -0.029436  3.557582    0.002905   -0.010399    0.000341    0.999942 0.000000 0.000000 0.000000 0.000000 0.000000 0.000000 0.000000 0.000000 0.000000
0.622045  -0.090623  -0.042400   4.318368     0.003488    -0.012681    -0.000290     0.999913 0.000000 0.000000 0.000000 0.000000 0.000000 0.000000 0.000000 0.000000 0.000000
0.725798  -0.114577  -0.052730   5.094620   0.003876  -0.015243  -0.001605   0.999875 0.000000 0.000000 0.000000 0.000000 0.000000 0.000000 0.000000 0.000000 0.000000
0.829420  -0.144324  -0.069132   5.876987   0.002892  -0.017362  -0.001865   0.999843 0.000000 0.000000 0.000000 0.000000 0.000000 0.000000 0.000000 0.000000 0.000000
0.933147  -0.180113  -0.083761   6.689029    0.001396   -0.019646   -0.001516    0.999805 0.000000 0.000000 0.000000 0.000000 0.000000 0.000000 0.000000 0.000000 0.000000
1.036910  -0.207503  -0.092406   7.509731    0.000306   -0.021661   -0.001696    0.999764 0.000000 0.000000 0.000000 0.000000 0.000000 0.000000 0.000000 0.000000 0.000000
1.140497  -0.243340  -0.089977   8.336926    0.000830   -0.023170   -0.002458    0.999728 0.000000 0.000000 0.000000 0.000000 0.000000 0.000000 0.000000 0.000000 0.000000
1.244242  -0.294576  -0.099249   9.155826    0.000870   -0.024076   -0.001997    0.999708 0.000000 0.000000 0.000000 0.000000 0.000000 0.000000 0.000000 0.000000 0.000000
1.347979 -0.348498 -0.107897  9.986580    0.001152   -0.024649   -0.000634    0.999695 0.000000 0.000000 0.000000 0.000000 0.000000 0.000000 0.000000 0.000000 0.000000
1.451596 -0.394624 -0.117209 10.839666     0.000788    -0.025848    -0.000417     0.999665 0.000000 0.000000 0.000000 0.000000 0.000000 0.000000 0.000000 0.000000 0.000000
1.555212 -0.451951 -0.142685 11.694730     0.000521    -0.026310    -0.000444     0.999654 0.000000 0.000000 0.000000 0.000000 0.000000 0.000000 0.000000 0.000000 0.000000
1.658960 -0.498074 -0.145888 12.563038    0.001987   -0.027333   -0.001268    0.999624 0.000000 0.000000 0.000000 0.000000 0.000000 0.000000 0.000000 0.000000 0.000000
1.762569 -0.552756 -0.156632 13.430667    0.003321   -0.028120   -0.001694    0.999598 0.000000 0.000000 0.000000 0.000000 0.000000 0.000000 0.000000 0.000000 0.000000
1.866302 -0.623444 -0.177064 14.307745    0.003953   -0.028706   -0.003901    0.999572 0.000000 0.000000 0.000000 0.000000 0.000000 0.000000 0.000000 0.000000 0.000000
1.969923 -0.684555 -0.198055 15.198442    0.003544   -0.029232   -0.004216    0.999557 0.000000 0.000000 0.000000 0.000000 0.000000 0.000000 0.000000 0.000000 0.000000
2.073666 -0.732354 -0.215726 16.097979    0.002703   -0.030097   -0.003288    0.999538 0.000000 0.000000 0.000000 0.000000 0.000000 0.000000 0.000000 0.000000 0.000000
2.177281 -0.779031 -0.231564 16.997940    0.001893   -0.030987   -0.003781    0.999511 0.000000 0.000000 0.000000 0.000000 0.000000 0.000000 0.000000 0.000000 0.000000
2.281017 -0.847910 -0.241270 17.897820    0.001828   -0.031317   -0.003581    0.999501 0.000000 0.000000 0.000000 0.000000 0.000000 0.000000 0.000000 0.000000 0.000000
2.384639 -0.909083 -0.256369 18.790621    0.002220   -0.032069   -0.003625    0.999477 0.000000 0.000000 0.000000 0.000000 0.000000 0.000000 0.000000 0.000000 0.000000
2.488250 -0.973806 -0.268968 19.705220    0.002610   -0.032477   -0.003133    0.999464 0.000000 0.000000 0.000000 0.000000 0.000000 0.000000 0.000000 0.000000 0.000000
2.591988 -1.047651 -0.280927 20.634315   0.001734  -0.032553  -0.002849   0.999464 0.000000 0.000000 0.000000 0.000000 0.000000 0.000000 0.000000 0.000000 0.000000
2.695832 -1.130098 -0.290179 21.562424    0.000153   -0.032264   -0.003705    0.999473 0.000000 0.000000 0.000000 0.000000 0.000000 0.000000 0.000000 0.000000 0.000000
0.000000    0.017817   -0.006702   -0.003258    -0.000360    -0.000269     0.000597     1.000000 0.000000 0.000000 0.000000 0.000000 0.000000 0.000000 0.000000 0.000000 0.000000
0.103736    0.015238   -0.009997    0.681430    0.000880   -0.002053    0.001664    0.999996 0.000000 0.000000 0.000000 0.000000 0.000000 0.000000 0.000000 0.000000 0.000000
0.518430  -0.051095  -0.026094   3.565713    0.003031   -0.010669    0.000472    0.999938 0.000000 0.000000 0.000000 0.000000 0.000000 0.000000 0.000000 0.000000 0.000000
1.036910  -0.200116  -0.087764   7.510336    0.000290   -0.021763   -0.001634    0.999762 0.000000 0.000000 0.000000 0.000000 0.000000 0.000000 0.000000 0.000000 0.000000
1.451596 -0.386815 -0.127996 10.837408    0.000623   -0.025925   -0.000839    0.999663 0.000000 0.000000 0.000000 0.000000 0.000000 0.000000 0.000000 0.000000 0.000000
1.866302 -0.615168 -0.185371 14.298962    0.003641   -0.028853   -0.003674    0.999570 0.000000 0.000000 0.000000 0.000000 0.000000 0.000000 0.000000 0.000000 0.000000
2.281017 -0.847704 -0.245153 17.884366    0.001738   -0.031213   -0.003942    0.999503 0.000000 0.000000 0.000000 0.000000 0.000000 0.000000 0.000000 0.000000 0.000000
