%Each row is timestamp, pos of camera in world frame, rotation to world from camera frame in quaternion xyzw format
0.103736   -0.001098   -0.006884    0.676598    0.000949   -0.001699    0.001363    0.999997 -0.450103 -0.273262  8.275100  0.000000  0.000000  0.000000  0.000000  0.000000  0.000000
0.207338  -0.016219  -0.015341   1.436848    0.001582   -0.003876    0.001082    0.999991   -0.121089   -0.063794    7.549792   -0.003376    0.002187    0.001186   -0.011779   -0.005987    0.019874
0.311075  -0.027149  -0.014963   2.178369    0.002431   -0.005992    0.001370    0.999978    -0.108986    -0.020101     7.402221    -0.005015     0.003574    -0.000241    -0.010602    -0.007245     0.020073
0.414692  -0.039283  -0.016206   2.915918    0.002895   -0.008515    0.000849    0.999959   -0.103030   -0.014394    7.298893   -0.007493    0.007264   -0.004213   -0.005922   -0.004755    0.021915
0.518430  -0.056290  -0.023637   3.658961    0.003110   -0.010782    0.000751    0.999937   -0.115548   -0.030384    7.275901   -0.010228    0.009884   -0.005888   -0.001472    0.000357    0.023321
0.622045  -0.078399  -0.034100   4.408411    0.003678   -0.013050    0.000213    0.999908   -0.137017   -0.047160    7.294634   -0.013315    0.013318   -0.004045    0.000026    0.000864    0.024267
0.725798  -0.105828  -0.042769   5.175943     0.004053    -0.015572    -0.000870     0.999870    -0.167680    -0.057474     7.348142    -0.018681     0.016604    -0.000442     0.005197     0.002554     0.026544
0.829420  -0.138821  -0.055462   5.950308    0.003399   -0.017677   -0.001412    0.999837   -0.214774   -0.079282    7.410687   -0.021671    0.020561   -0.004002    0.006050    0.007331    0.024731
0.933147  -0.179424  -0.068586   6.739604    0.002205   -0.019812   -0.001689    0.999800  -0.271257  -0.101255   7.487658  -0.024626   0.024681  -0.013527   0.006059   0.015709   0.024146
1.036910  -0.221033  -0.081498   7.536638    0.000837   -0.021539   -0.001465    0.999767   -0.305089   -0.112942    7.558385   -0.027845    0.025214   -0.019828   -0.001137    0.026242    0.021950
1.140497  -0.265846  -0.090081   8.339096    0.000618   -0.023040   -0.001716    0.999733   -0.342570   -0.107441    7.630164   -0.031244    0.022875   -0.016519   -0.003923    0.027588    0.017465
1.244242 -0.313984 -0.100293  9.152171    0.000772   -0.023995   -0.001551    0.999711   -0.379270   -0.102719    7.734405   -0.038369    0.017344   -0.005764   -0.004367    0.021995    0.011489
1.347979 -0.360618 -0.109793  9.973826     0.001180    -0.024667    -0.000719     0.999695   -0.396523   -0.097386    7.821269   -0.041850    0.014986    0.001231   -0.008859    0.013452    0.003858
1.451596 -0.406823 -0.116257 10.796328     0.000936    -0.025599    -0.000172     0.999672    -0.406061    -0.084739     7.863456    -0.043039     0.013508    -0.000736    -0.010978     0.009807     0.000138
1.555212 -0.452370 -0.125971 11.628842    0.000891   -0.026208    0.000759    0.999656   -0.416875   -0.094207    7.951389   -0.045480    0.011562    0.000457   -0.013993    0.009777   -0.003532
1.658960 -0.499853 -0.133038 12.473007    0.001995   -0.027117    0.000055    0.999630   -0.440987   -0.106480    8.082482   -0.047543    0.012400    0.003806   -0.009840    0.006103   -0.004541
1.762569 -0.552233 -0.146642 13.333435    0.003332   -0.027948   -0.000624    0.999604   -0.483645   -0.123124    8.247942   -0.049520    0.014181    0.008908   -0.003578    0.003335   -0.003354
1.866302 -0.609492 -0.159591 14.207854    0.004165   -0.028809   -0.002319    0.999574    -0.516989    -0.135827     8.406734    -0.051289     0.016843     0.008651    -0.000640     0.000323    -0.003228
1.969923 -0.663529 -0.172570 15.098670    0.004021   -0.029456   -0.002895    0.999554   -0.507099   -0.135916    8.554659   -0.051991    0.017203    0.008402   -0.000471    0.000391   -0.001629
2.073666 -0.717775 -0.188728 15.999613    0.003179   -0.030140   -0.002634    0.999537   -0.498354   -0.144849    8.658122   -0.050481    0.016389    0.008035   -0.002155    0.002347   -0.001481
2.177281 -0.771756 -0.206555 16.903496   0.002231  -0.030973  -0.002813   0.999514   -0.504169   -0.144531    8.731582   -0.049960    0.016926    0.008615    0.000222    0.004002   -0.000341
2.281017 -0.832185 -0.226013 17.812529    0.002032   -0.031615   -0.002765    0.999494    -0.526973    -0.145874     8.793241    -0.048080     0.019224     0.011228    -0.001419     0.001264    -0.000315
2.384639 -0.895553 -0.240902 18.721066   0.002451  -0.032444  -0.002798   0.999467    -0.543991    -0.146545     8.816823    -0.046114     0.021810     0.012494     0.000840    -0.000510     0.000225
2.488250 -0.958456 -0.254759 19.632316    0.002852   -0.032956   -0.002483    0.999450   -0.560488   -0.142707    8.875266   -0.044668    0.023208    0.010084    0.003508   -0.001414    0.000296
2.591988 -1.019642 -0.269918 20.559072    0.002033   -0.033220   -0.002340    0.999443    -0.582175    -0.142888     8.966054    -0.045411     0.023279     0.007952     0.001859    -0.000652    -0.000504
2.695832 -1.087882 -0.283269 21.491456    0.000400   -0.033246   -0.003206    0.999442   -0.603363   -0.149896    9.016406   -0.045354    0.024272    0.006899    0.002151    0.000577    0.000446
2.799367 -1.147948 -0.291354 22.424342   -0.001443   -0.032949   -0.003765    0.999449   -0.584873   -0.106963    9.061069   -0.044656    0.026855    0.004524    0.003437    0.001423    0.000065
2.903084 -1.208970 -0.295165 23.365953   -0.002844   -0.032155   -0.002979    0.999474   -0.581329   -0.054751    9.114442   -0.044374    0.026537    0.003172    0.000422    0.001789   -0.001011
3.006768 -1.266836 -0.296086 24.309733   -0.003243   -0.031448   -0.002913    0.999496   -0.576082   -0.016573    9.148375   -0.043910    0.025008    0.003012    0.000810    0.000233   -0.001007
3.110441 -1.328717 -0.297101 25.260085   -0.001723   -0.030791   -0.002919    0.999520    -0.578514    -0.026699     9.195281    -0.044318     0.026835     0.006044    -0.000746    -0.001074    -0.001832
3.214057 -1.390912 -0.303089 26.213331    0.000688   -0.030338   -0.003302    0.999534    -0.580253    -0.058304     9.261077    -0.045555     0.029170     0.008845    -0.000265    -0.001926    -0.000966
3.317669 -1.448057 -0.308744 27.172753    0.002269   -0.029821   -0.003112    0.999548    -0.561073    -0.070679     9.342061    -0.044861     0.030407     0.008456     0.002955    -0.002836    -0.000208
3.421285 -1.507683 -0.318535 28.139929    0.001734   -0.029465   -0.001849    0.999563   -0.559415   -0.078185    9.423357   -0.043093    0.031291    0.006305    0.000606   -0.002196    0.000041
3.524925 -1.563378 -0.323754 29.120076    -0.000627    -0.029697    -0.000426     0.999559   -0.562089   -0.059660    9.485532   -0.041470    0.032384    0.003196   -0.001696    0.000554    0.001077
3.628545 -1.618538 -0.330781 30.099655  -0.002380  -0.030159   0.001409   0.999541   -0.526228   -0.039623    9.504350   -0.040933    0.032984    0.003832   -0.002577    0.001483    0.001228
3.732256 -1.663642 -0.339638 31.083526  -0.002317  -0.030798   0.005149   0.999510   -0.494825   -0.026084    9.517131   -0.040867    0.031925    0.007893   -0.006459    0.000302    0.001880
3.835871 -1.720582 -0.345516 32.070601  -0.000387  -0.031597   0.006457   0.999480   -0.568872   -0.054090    9.553418   -0.041409    0.031832    0.011831   -0.001372   -0.002015    0.001399
3.939488 -1.783357 -0.357936 33.063077   0.001612  -0.032316   0.006417   0.999456    -0.628840    -0.149755     9.702250    -0.041437     0.031386     0.012175    -0.000447    -0.004135     0.000281
4.043107 -1.850942 -0.372864 34.074778   0.002109  -0.033443   0.005561   0.999423   -0.674427   -0.299744   10.037154   -0.040297    0.031041    0.007303    0.002328   -0.002761    0.001654
4.146888 -1.921272 -0.397996 35.114681   0.001217  -0.033950   0.005058   0.999410   -0.703871   -0.337854   10.193428   -0.037839    0.029642    0.000633    0.004571    0.000181    0.001104
4.250460 -1.998475 -0.412681 36.145854  -0.000142  -0.034769   0.003652   0.999389   -0.713858   -0.228369   10.079808   -0.032609    0.030670   -0.005160    0.004135    0.002088    0.002937
4.354202 -2.071880 -0.423238 37.172952  -0.000768  -0.035394   0.003349   0.999368   -0.697369   -0.143752   10.005818   -0.031361    0.032500   -0.005271    0.003356    0.001658    0.002682
4.457940 -2.144063 -0.427220 38.186361  -0.001975  -0.036004   0.003170   0.999345   -0.697533   -0.061186    9.922244   -0.030995    0.034498   -0.004688    0.001637    0.000729    0.002111
4.561559 -2.217010 -0.425573 39.193840  -0.003273  -0.035966   0.003204   0.999343    -0.739443    -0.000868     9.864406    -0.030807     0.032658    -0.002755    -0.001773    -0.001219     0.001544
4.665293 -2.294715 -0.420757 40.196670   -0.004221   -0.036313    0.000926    0.999331   -0.762737    0.058417    9.793038   -0.029709    0.032985   -0.002845    0.000075   -0.001586    0.001090
4.768912 -2.375821 -0.424510 41.205790   -0.003967   -0.036446    0.000872    0.999327   -0.721810    0.047976    9.750378   -0.031951    0.033276    0.001571   -0.003528   -0.002896    0.002108
4.872532 -2.457276 -0.425263 42.204439   -0.002939   -0.036246    0.000606    0.999338   -0.728837    0.037455    9.674025   -0.031966    0.033625    0.003988   -0.002503   -0.004888    0.000407
4.976146 -2.538735 -0.433534 43.202714    -0.001652    -0.036247    -0.000362     0.999341    -0.720360    -0.034819     9.651572    -0.033089     0.032413     0.005787    -0.000425    -0.004143     0.001782
5.079909 -2.612508 -0.441020 44.199925    -0.001506    -0.036619    -0.000267     0.999328   -0.668517   -0.050119    9.641053   -0.033435    0.031307    0.001734   -0.001692   -0.004448    0.000427
5.183503 -2.678874 -0.453634 45.192032   -0.002235   -0.037372    0.000270    0.999299   -0.665766   -0.059571    9.620717   -0.032273    0.031433    0.001275    0.000683   -0.000897    0.001012
5.287117 -2.754019 -0.462930 46.182073   -0.002819   -0.037855    0.000350    0.999279   -0.719151   -0.066537    9.567170   -0.031174    0.031992    0.000705   -0.001808    0.001872    0.000891
5.390861 -2.837083 -0.475004 47.167172    -0.001179    -0.037981    -0.000669     0.999278    -0.750523    -0.063343     9.497718    -0.031012     0.032537     0.004090    -0.000768    -0.001081    -0.000291
5.494473 -2.918290 -0.483127 48.141696    0.001144   -0.038448   -0.001402    0.999259   -0.742882   -0.063870    9.473338   -0.030269    0.033448    0.005837    0.001557   -0.003306    0.000670
5.598233 -3.001118 -0.495917 49.120893    0.001797   -0.038693   -0.001795    0.999248   -0.726805   -0.099553    9.495659   -0.029246    0.035317    0.006056    0.003340   -0.004019    0.000215
5.701829 -3.079174 -0.510612 50.101115    0.000269   -0.038733   -0.001554    0.999248   -0.710379   -0.114051    9.477684   -0.029008    0.034947    0.001998    0.001796   -0.002051    0.000548
5.805571 -3.151792 -0.518338 51.076486    -0.001402    -0.038853    -0.000324     0.999244   -0.702680   -0.077829    9.431804   -0.029795    0.032964    0.000794    0.000246    0.002350    0.000885
5.909185 -3.222596 -0.530010 52.044816   -0.001755   -0.039102    0.000734    0.999233    -0.693741    -0.066902     9.370325    -0.028675     0.033173     0.001151     0.000551     0.001661    -0.000086
6.012921 -3.293406 -0.543161 53.009209  -0.001344  -0.039282   0.002084   0.999225    -0.659105    -0.066331     9.348315    -0.027976     0.034671     0.004458    -0.000243     0.000615    -0.000090
6.116541 -3.364429 -0.556380 53.970351  -0.000668  -0.039621   0.003691   0.999208    -0.663009    -0.080452     9.330298    -0.026577     0.036249     0.004260    -0.000507    -0.002438     0.000967
6.220278 -3.437898 -0.572535 54.928145  -0.001174  -0.040172   0.004264   0.999183   -0.693223   -0.080280    9.306201   -0.026053    0.038061    0.004620    0.001347   -0.002832    0.000826
6.323895 -3.511938 -0.584204 55.889387  -0.003223  -0.040778   0.005598   0.999147   -0.726410   -0.048166    9.317779   -0.026280    0.039633    0.003887    0.000230   -0.001325    0.001586
6.427659 -3.593662 -0.589666 56.845087  -0.005715  -0.041082   0.005990   0.999121    -0.791587    -0.013757     9.261280    -0.025845     0.037689     0.003151     0.003225    -0.000719     0.001012
6.531383 -3.678796 -0.593383 57.798438  -0.006829  -0.041296   0.005436   0.999109   -0.792446   -0.034310    9.175344   -0.025614    0.035773    0.002857    0.001857    0.000938    0.000293
6.634992 -3.759498 -0.602436 58.739980  -0.004935  -0.042133   0.004841   0.999088   -0.732630   -0.055582    9.060910   -0.024812    0.035529    0.007646    0.000344   -0.003833    0.001056
6.738741 -3.838871 -0.611226 59.667055  -0.000968  -0.042928   0.003925   0.999070   -0.705585   -0.094084    8.933248   -0.023703    0.038028    0.010649    0.002264   -0.006360    0.001381
6.842350 -3.919606 -0.626371 60.580477   0.001638  -0.043382   0.002784   0.999053   -0.759098   -0.139237    8.857074   -0.023734    0.039782    0.009026    0.003256   -0.006182    0.001421
6.945963 -4.008188 -0.645375 61.487237   0.001401  -0.043921   0.000436   0.999034   -0.812772   -0.172789    8.767745   -0.024391    0.040199    0.002513    0.004563   -0.003566    0.000837
7.049705 -4.095022 -0.665165 62.382266    0.000148   -0.044593   -0.001350    0.999004   -0.800035   -0.189852    8.627717   -0.021610    0.039930   -0.001058    0.004584    0.001845    0.000827
7.153323 -4.181955 -0.678772 63.270503   -0.000634   -0.045052   -0.002341    0.998982    -0.795260    -0.150401     8.503767    -0.021011     0.041345    -0.000972     0.001717     0.003299     0.000096
7.256934 -4.266247 -0.692504 64.136998   -0.000536   -0.045651   -0.002393    0.998954   -0.791915   -0.119000    8.359403   -0.021564    0.043291    0.001653   -0.002130    0.001585    0.000479
7.360549 -4.352874 -0.704189 64.990666   -0.000851   -0.046346   -0.002921    0.998921   -0.816273   -0.118103    8.234840   -0.021578    0.043422    0.001593   -0.002810    0.000023    0.000089
7.464167 -4.437572 -0.718326 65.833786   -0.001188   -0.047015   -0.003376    0.998888    -0.800516    -0.120923     8.119245    -0.021365     0.043002    -0.000174    -0.001224    -0.000403    -0.001031
7.567786 -4.521652 -0.728307 66.663519   -0.001493   -0.047736   -0.003076    0.998854    -0.784328    -0.093301     7.994656    -0.020763     0.043635    -0.000590    -0.001318    -0.001084    -0.000996
7.671396 -4.606000 -0.731374 67.480951   -0.001900   -0.048394   -0.002963    0.998822    -0.797400    -0.065345     7.877277    -0.019293     0.044009     0.001216    -0.001806    -0.001460    -0.000921
7.775144 -4.691981 -0.734997 68.284145   -0.003057   -0.049071   -0.003890    0.998783   -0.817417   -0.051668    7.747966   -0.017905    0.046615    0.000221   -0.001030   -0.001751   -0.001224
7.878754 -4.779334 -0.739524 69.076524   -0.005018   -0.049659   -0.004440    0.998744    -0.798874    -0.054627     7.614854    -0.018051     0.046491    -0.000345    -0.002222    -0.000107    -0.001365
7.982493 -4.864913 -0.741625 69.850006   -0.005781   -0.050443   -0.005924    0.998693    -0.800669    -0.068955     7.428296    -0.017683     0.047121    -0.002921     0.000337     0.000613    -0.000981
8.086111 -4.954549 -0.760565 70.600321   -0.003881   -0.051122   -0.007489    0.998657   -0.817542   -0.090386    7.204939   -0.017670    0.047712    0.001130    0.001669   -0.001062   -0.001115
8.189849 -5.037997 -0.774215 71.329904   -0.000151   -0.051726   -0.007721    0.998631   -0.781872   -0.082427    7.010549   -0.017199    0.048251    0.004584   -0.001050   -0.005065   -0.001173
8.293470 -5.119631 -0.786553 72.041957   0.002773  -0.052388  -0.007389   0.998596    -0.777647    -0.084235     6.844124    -0.017425     0.048304     0.006324    -0.002044    -0.006043    -0.000503
8.397102 -5.205366 -0.801452 72.740452    0.003393   -0.052558   -0.007676    0.998583   -0.784548   -0.132060    6.675848   -0.017436    0.049506    0.001394   -0.004146   -0.003617   -0.001053
8.500847 -5.287594 -0.820328 73.418905    0.001621   -0.052921   -0.008888    0.998558   -0.768505   -0.173327    6.492247   -0.017247    0.049196   -0.002476   -0.002176    0.001824   -0.000497
8.604438 -5.361240 -0.844635 74.077435    0.000192   -0.053599   -0.009198    0.998520    -0.701527    -0.184499     6.293174    -0.016859     0.048570    -0.002696    -0.000861     0.004916     0.000512
8.708175 -5.425671 -0.868621 74.713556   0.001488  -0.054162  -0.007683   0.998501    -0.611770    -0.149743     6.084107    -0.016305     0.048782     0.001345    -0.000382     0.002392     0.000489
8.811795 -5.480841 -0.889345 75.330391    0.003864   -0.054329   -0.004228    0.998507   -0.566464   -0.148142    5.906115   -0.016585    0.048681    0.004797   -0.003332   -0.001790    0.001268
8.915403 -5.538612 -0.907664 75.927731    0.006133   -0.053857   -0.002029    0.998528   -0.595929   -0.151581    5.755866   -0.016696    0.048909    0.003431   -0.004727   -0.003876    0.000927
9.019162 -5.603301 -0.920436 76.518328    0.006352   -0.052299   -0.003174    0.998606    -0.614922    -0.148354     5.635658    -0.016441     0.048507     0.002220    -0.000116    -0.001220    -0.000863
9.122890 -5.666063 -0.923352 77.090862    0.005141   -0.050223   -0.005536    0.998709   -0.556573   -0.117438    5.489057   -0.016044    0.047787   -0.002414    0.004300    0.002205   -0.002053
9.226512 -5.719235 -0.928617 77.649059    0.003667   -0.047846   -0.005314    0.998834    -0.435057    -0.097260     5.359600    -0.016552     0.049273    -0.000689     0.005145     0.002933    -0.002366
9.330247 -5.759460 -0.938043 78.198620    0.001608   -0.044953   -0.003369    0.998982   -0.357272   -0.111227    5.246525   -0.015280    0.049963    0.002001    0.003005    0.002914   -0.003022
9.433986 -5.796446 -0.951061 78.730203   -0.000177   -0.040860   -0.001042    0.999164   -0.353341   -0.098373    5.089973   -0.014834    0.049659    0.003456   -0.002650    0.000781   -0.003380
9.537749 -5.833152 -0.961385 79.243293   -0.000057   -0.035435   -0.002280    0.999369   -0.359413   -0.076794    4.928976   -0.014254    0.049603    0.004262   -0.001537   -0.002013   -0.003468
9.641587 -5.867349 -0.970164 79.747719    0.000404   -0.027767   -0.005271    0.999600   -0.302378   -0.067148    4.807792   -0.014401    0.048755    0.006056    0.003254   -0.003071   -0.004659
9.745342 -5.883597 -0.975043 80.241160    0.000284   -0.018753   -0.007747    0.999794   -0.114557   -0.046855    4.687658   -0.014646    0.047901    0.004628    0.005658   -0.003331   -0.004087
9.849229 -5.878096 -0.986137 80.719753   -0.000115   -0.007793   -0.007259    0.999943    0.100423   -0.052371    4.548284   -0.014868    0.047046    0.003834    0.003958   -0.001893   -0.004511
9.953059 -5.853279 -0.995673 81.187407   -0.000708    0.005291   -0.005460    0.999971     0.261718    -0.068449     4.453595    -0.014930     0.046190     0.003272    -0.000643    -0.000207    -0.006386
10.056930 -5.814755 -1.001149 81.647891   -0.001548    0.020143   -0.004822    0.999784    0.403441   -0.055270    4.397522   -0.014773    0.044457    0.003797   -0.000348    0.000970   -0.007249
10.160830 -5.759198 -1.009177 82.102268   -0.002261    0.036701   -0.004775    0.999312    0.554739   -0.050304    4.306146   -0.014770    0.044880    0.003860    0.000170    0.000423   -0.008937
10.264660 -5.686872 -1.011234 82.544984   -0.002608    0.055498   -0.005321    0.998441     0.726357    -0.032635     4.218879    -0.014445     0.045763     0.003718     0.004061    -0.000003    -0.010075
10.368670 -5.596230 -1.016715 82.981783   -0.002626    0.076574   -0.005336    0.997046     0.912844    -0.039311     4.155394    -0.014336     0.044855     0.004960     0.003223    -0.000126    -0.011240
10.472640 -5.480302 -1.024760 83.401002   -0.002621    0.099323   -0.005124    0.995039     1.132652    -0.063910     3.959557    -0.012383     0.043019     0.004554     0.001988    -0.000327    -0.010483
10.576630 -5.345371 -1.036765 83.803963   -0.001849    0.124172   -0.006080    0.992240    1.340056   -0.089991    3.803724   -0.011834    0.043261    0.005668    0.003245   -0.001943   -0.012177
10.680620 -5.185944 -1.049524 84.193366   -0.000686    0.151392   -0.006358    0.988453    1.560328   -0.085337    3.634174   -0.011515    0.042587    0.007792    0.002073   -0.001002   -0.013000
10.784610 -5.003578 -1.057502 84.564002   0.000167   0.180493  -0.006568   0.983554     1.765273    -0.054125     3.463382    -0.012669     0.041236     0.008826     0.003425    -0.000785    -0.014224
10.888750 -4.805936 -1.063477 84.918199    0.000961    0.210919   -0.006965    0.977478     1.955031    -0.047465     3.361110    -0.012569     0.041359     0.006343     0.005492    -0.000681    -0.016366
10.992720 -4.592476 -1.074397 85.248654    0.001618    0.242641   -0.006482    0.970093   2.141208  -0.062429   3.092261  -0.012364   0.041156   0.005391   0.003825   0.002154  -0.018111
11.096590 -4.362668 -1.090406 85.546475   0.002493   0.274832  -0.005482   0.961473   2.298979  -0.102159   2.882173  -0.012036   0.039009   0.005751   0.003399   0.002987  -0.020045
11.200570 -4.110744 -1.105169 85.836529    0.002947    0.306503   -0.005036    0.951852   2.443094  -0.120558   2.728279  -0.012683   0.038360   0.005935   0.004826   0.001669  -0.020398
11.304310 -3.842795 -1.114493 86.108242    0.002567    0.337683   -0.004530    0.941246    2.606439   -0.088586    2.577758   -0.014137    0.039801    0.007073    0.003826    0.000696   -0.020981
11.408180 -3.548058 -1.124245 86.371801    0.001268    0.367923   -0.004738    0.929843   2.795063  -0.074068   2.501781  -0.014424   0.040700   0.008194   0.005102   0.001432  -0.018616
11.511920 -3.243921 -1.133527 86.614764    0.000952    0.397647   -0.004342    0.917528   2.937095  -0.068604   2.240877  -0.014954   0.036980   0.009234   0.005311   0.001333  -0.018809
11.615530 -2.926452 -1.145136 86.823353   0.001922   0.425995  -0.003275   0.904718    3.057583   -0.085284    2.018109   -0.014702    0.034609    0.014147    0.006016    0.000502   -0.018630
11.719270 -2.597369 -1.153947 87.018749    0.003471    0.452989   -0.001462    0.891508    3.125036   -0.107788    1.871784   -0.015260    0.032759    0.017844    0.005220   -0.001182   -0.019221
11.822770 -2.262831 -1.163081 87.196097    0.003673    0.478198   -0.002629    0.878241    3.180050   -0.111211    1.765648   -0.015400    0.033214    0.016960    0.009253   -0.003848   -0.018180
11.926380 -1.925840 -1.165679 87.369600    0.003536    0.502572   -0.004973    0.864514    3.275751   -0.091635    1.704795   -0.016235    0.030886    0.013915    0.012259   -0.005757   -0.017142
12.030000 -1.576263 -1.167552 87.524912    0.004488    0.524967   -0.005845    0.851091    3.356080   -0.083230    1.470455   -0.016713    0.029764    0.016042    0.011843   -0.005897   -0.017340
12.133610 -1.215052 -1.170281 87.646327    0.006980    0.544919   -0.002920    0.838454    3.463423   -0.053985    1.242141   -0.017478    0.027908    0.018390    0.004688   -0.004562   -0.016842
12.237100 -0.846616 -1.170247 87.726973   0.010311   0.562659   0.003937   0.826615    3.553148   -0.024812    1.095698   -0.017466    0.022926    0.015413   -0.003577   -0.004089   -0.016066
12.340600 -0.477616 -1.164199 87.816728   0.011581   0.578021   0.007759   0.815903     3.560846    -0.033392     1.052261    -0.018217     0.019946     0.006310    -0.006215    -0.000511    -0.011567
12.444110 -0.105006 -1.163407 87.909303   0.012680   0.592043   0.007091   0.805776     3.585955    -0.088141     1.068919    -0.018259     0.018234     0.005069    -0.007831    -0.000102    -0.008783
12.547670 0.266739 -1.179147 88.007541   0.011314   0.605031   0.001547   0.796120    3.633224   -0.146919    1.024235   -0.018357    0.019364    0.009323    0.001211   -0.002787   -0.007268
12.651070 0.648237 -1.192674 88.092638    0.010833    0.616655   -0.002232    0.787156   3.746276  -0.145323   0.845636  -0.018616   0.018058   0.014198   0.007015  -0.004651  -0.004181
12.754690 1.039800 -1.214538 88.156724    0.011735    0.627073   -0.002507    0.778868    3.866358   -0.113101    0.679996   -0.019856    0.016033    0.010639    0.002571   -0.005061   -0.004914
12.858060 1.440653 -1.226730 88.208016     0.014907     0.636334    -0.000479     0.771269    3.989077   -0.035980    0.536717   -0.023492    0.005634    0.015768   -0.003930   -0.001539   -0.002999
12.961670 1.853166 -1.233253 88.249221    0.019706    0.644050    0.000017    0.764730     4.098861     0.004106     0.488254    -0.022038     0.006153     0.020022    -0.005262    -0.000082    -0.000429
13.065200 2.272275 -1.235165 88.292523    0.023242    0.651522   -0.001159    0.758273     4.195017    -0.074089     0.521191    -0.020831     0.008846     0.019917    -0.005403    -0.000414    -0.000626
13.168770 2.713364 -1.250153 88.349324    0.022642    0.658252   -0.002269    0.752454    4.373683   -0.187015    0.549951   -0.018524    0.012446    0.012175   -0.002783    0.000156    0.000095
13.272350 3.169917 -1.273080 88.399882   0.020028   0.664136  -0.001582   0.747341    4.491534   -0.230701    0.478198   -0.018205    0.011082    0.007973    0.000714    0.001803    0.001119
13.375880 3.635711 -1.297179 88.440691     0.018211     0.669652    -0.000687     0.742451     4.583913    -0.217822     0.384935    -0.019988     0.011507     0.008562     0.002954     0.002425    -0.000282
13.479500 4.116396 -1.316389 88.474640    0.017819    0.674589    0.000730    0.737978   4.703428  -0.175394   0.316395  -0.021793   0.010988   0.009692   0.001832   0.002203   0.001181
13.583110 4.610280 -1.332592 88.500946   0.018924   0.678869   0.002284   0.734012     4.844702    -0.153893     0.273055    -0.022023     0.010565     0.010390    -0.000140    -0.000981     0.001203
13.686720 5.120302 -1.347202 88.524210   0.020238   0.682619   0.003248   0.730487    5.015738   -0.158096    0.259632   -0.022819    0.009671    0.010722   -0.001698   -0.003142    0.001629
13.790340 5.649908 -1.361801 88.546314   0.021054   0.685435   0.003619   0.727821     5.185520    -0.156898     0.248899    -0.024692     0.007971     0.011943    -0.000233    -0.001592     0.004108
13.893950 6.195389 -1.381423 88.567419   0.021777   0.687420   0.004241   0.725921     5.356634    -0.162157     0.243478    -0.025048     0.008212     0.012057    -0.000901    -0.000343     0.005691
13.997670 6.761325 -1.398943 88.589053  0.022671  0.689355  0.004619  0.724054    5.553079   -0.160512    0.243870   -0.024079    0.008735    0.011169   -0.001511    0.001050    0.006077
14.101300 7.343120 -1.414745 88.613578   0.022910   0.691534   0.004310   0.721967   5.735915  -0.164072   0.240818  -0.024274   0.003787   0.013703   0.002003   0.001240   0.004650
14.204920 7.945129 -1.437827 88.636199   0.023576   0.693250   0.004904   0.720295    5.907996   -0.193064    0.205832   -0.025235    0.000450    0.016044    0.002069    0.000538    0.002688
14.308540 8.565010 -1.462905 88.653867  0.023895  0.694266  0.005513  0.719301     6.083799    -0.212134     0.184533    -0.025819     0.001075     0.014795     0.003841    -0.000118     0.002684
14.412270 9.205377 -1.483843 88.671843   0.024023   0.695318   0.006033   0.718276    6.259908   -0.209450    0.181557   -0.024644    0.002800    0.011584    0.003924    0.000780    0.002998
14.515890 9.862260 -1.506928 88.691350   0.024507   0.696184   0.006820   0.717412    6.424913   -0.205296    0.167890   -0.024204    0.006827    0.011487    0.001817    0.000463    0.004623
14.619680 10.537088 -1.528180 88.709701  0.025898  0.696434  0.008599  0.717102     6.582988    -0.202980     0.163888    -0.023986     0.006403     0.011537    -0.000603     0.001194     0.006048
14.723260 11.227845 -1.550670 88.726344  0.027340  0.696002  0.010255  0.717446    6.748721   -0.211396    0.186051   -0.024429    0.006380    0.012647   -0.003033    0.000908    0.007006
14.826860 11.935240 -1.574575 88.748111 0.028079 0.695134 0.011031 0.718247    6.934486   -0.233072    0.253159   -0.024770    0.004304    0.013883   -0.001957    0.000155    0.007532
14.930480 12.659688 -1.601455 88.774540  0.028777  0.693711  0.011813  0.719581    7.091948   -0.252516    0.288828   -0.024839    0.004439    0.014977    0.000033    0.000431    0.007787
15.034100 13.402317 -1.624425 88.808718  0.028863  0.692161  0.012166  0.721063   7.267653  -0.270613   0.363087  -0.024497   0.004663   0.012249   0.003286   0.001046   0.006968
15.137840 14.165291 -1.646709 88.848863  0.028822  0.690707  0.013249  0.722439    7.428641   -0.278109    0.443126   -0.023741    0.002422    0.007683    0.000933    0.001477    0.005490
15.241450 14.936885 -1.669830 88.895614  0.028487  0.689264  0.013956  0.723816     7.558504    -0.256237     0.508695    -0.022660    -0.000576     0.005537    -0.002869     0.001355     0.004362
15.345080 15.725637 -1.692699 88.950189  0.026827  0.687833  0.013757  0.725243     7.675594    -0.225226     0.571062    -0.022837    -0.001567     0.007056    -0.000178     0.001687     0.002325
15.448810 16.521718 -1.715447 89.008751  0.025935  0.686421  0.013541  0.726615     7.739880    -0.239574     0.598620    -0.022127    -0.001647     0.007529    -0.000409     0.001455     0.000240
15.552550 17.326207 -1.739108 89.068863  0.025385  0.685046  0.012222  0.727955     7.787247    -0.264375     0.644514    -0.022837    -0.005372     0.008434     0.002446     0.001022    -0.000341
15.656170 18.135467 -1.768311 89.133143  0.025955  0.684008  0.010120  0.728942     7.830588    -0.288288     0.682525    -0.023962    -0.008915     0.009844     0.000909    -0.000470    -0.001039
15.759900 18.950605 -1.793138 89.201885   0.026314   0.683490   0.006782   0.729454     7.886479    -0.281349     0.680731    -0.023415    -0.009357     0.009171    -0.001702    -0.001782    -0.000901
15.863640 19.774157 -1.819594 89.265784   0.026451   0.683639   0.004528   0.729327     7.931136    -0.307399     0.648919    -0.022966    -0.010307     0.009482    -0.000295    -0.002563    -0.000917
15.967390 20.598105 -1.853008 89.330757   0.025570   0.683556   0.003907   0.729439     7.947828    -0.363653     0.658902    -0.022739    -0.009820     0.007826    -0.001432    -0.000725    -0.000552
16.071020 21.422147 -1.887209 89.396585   0.023996   0.683529   0.003587   0.729520    7.944438   -0.358682    0.635272   -0.022913   -0.010342    0.006475    0.000521    0.000258    0.001203
16.174740 22.245830 -1.924594 89.452849   0.023582   0.683633   0.004118   0.729433     7.942595    -0.344769     0.606484    -0.023623    -0.010733     0.004153    -0.001307     0.001285    -0.000067
16.278450 23.068722 -1.959649 89.512914   0.022529   0.683427   0.003595   0.729662    7.932640   -0.352395    0.603649   -0.023129   -0.010041    0.005131    0.000969    0.001406    0.001895
16.382090 23.883343 -1.996240 89.574247   0.022013   0.683388   0.002903   0.729718     7.893487    -0.352355     0.618210    -0.022684    -0.007638     0.006641     0.000300    -0.000860     0.002017
16.485710 24.694946 -2.036254 89.637061   0.021274   0.683375   0.001829   0.729755     7.856876    -0.346008     0.656127    -0.022562    -0.005769     0.007306     0.000013    -0.000275     0.002333
16.589330 25.506182 -2.077626 89.706429    0.020354    0.683897    0.000186    0.729295    7.854041   -0.353169    0.669779   -0.024215   -0.006687    0.007638    0.003191   -0.001383    0.002667
16.693090 26.321334 -2.115141 89.770059    0.019105    0.685022   -0.000634    0.728272    7.859463   -0.357140    0.649402   -0.025407   -0.009158    0.005824    0.001234    0.000640    0.000175
16.796680 27.135328 -2.148011 89.831792     0.017895     0.686589    -0.000878     0.726825     7.871387    -0.351432     0.608833    -0.025627    -0.012691     0.004247    -0.000480     0.001294    -0.000920
16.900430 27.951512 -2.182588 89.881708     0.016047     0.688362    -0.000934     0.725189     7.875338    -0.349897     0.533024    -0.025151    -0.015109     0.004633    -0.000070     0.002279    -0.001569
17.004190 28.767702 -2.217563 89.929197    0.014279    0.690732   -0.001089    0.722969    7.854274   -0.328198    0.453621   -0.024890   -0.015857    0.005745    0.002615    0.003392   -0.002187
17.107900 29.581854 -2.250315 89.969428    0.013677    0.693477   -0.001659    0.720347    7.813925   -0.308933    0.379892   -0.024837   -0.015462    0.004879    0.004169    0.000868   -0.001642
17.211650 30.389951 -2.278936 89.999733    0.014090    0.696650   -0.002014    0.717270     7.779539    -0.286408     0.298128    -0.024252    -0.014521     0.005454     0.002172    -0.000808    -0.001513
17.315390 31.196065 -2.303763 90.015075    0.014735    0.700167   -0.001806    0.713825     7.767501    -0.271014     0.190922    -0.023332    -0.017114     0.005416    -0.000668    -0.002220    -0.001615
17.419150 31.999770 -2.330883 90.025638     0.015079     0.703850    -0.000901     0.710188    7.708379   -0.281016    0.119542   -0.022868   -0.018285    0.005474   -0.002734   -0.001685   -0.001153
17.522870 32.798165 -2.362635 90.030561     0.014507     0.707637    -0.000575     0.706427    7.666738   -0.278046    0.034354   -0.024313   -0.018565    0.006891   -0.001433    0.000247   -0.001023
17.626480 33.590853 -2.388275 90.022578    0.014656    0.711577    0.000210    0.702455    7.640619   -0.257828   -0.070785   -0.024892   -0.020103    0.006167   -0.002208    0.000880   -0.001360
17.730220 34.378922 -2.417215 90.008712    0.014834    0.715404    0.000359    0.698553     7.579451    -0.264336    -0.143593    -0.024842    -0.020666     0.006411    -0.002554    -0.000010    -0.000245
17.833840 35.161095 -2.448167 89.981623    0.014977    0.719276    0.000178    0.694563     7.523529    -0.270087    -0.224621    -0.024732    -0.022397     0.005731    -0.000179    -0.000127    -0.000453
17.937460 35.940011 -2.471443 89.949560     0.015464     0.722949    -0.000162     0.690728     7.471256    -0.250592    -0.305150    -0.024977    -0.022560     0.003395    -0.002908    -0.000822    -0.000545
18.041200 36.710635 -2.495876 89.905853     0.016102     0.726459    -0.000448     0.687021    7.401353   -0.242576   -0.381570   -0.026221   -0.022702    0.002449   -0.001881   -0.001826    0.000056
18.144820 37.474448 -2.523862 89.857596     0.016608     0.729791    -0.000383     0.683469     7.323726    -0.249056    -0.461172    -0.026028    -0.022669     0.003648    -0.000651    -0.000930    -0.000046
18.248550 38.233244 -2.551517 89.800452     0.016966     0.733075    -0.000351     0.679936     7.251553    -0.258448    -0.521206    -0.026130    -0.022525     0.004457    -0.000339    -0.000784     0.000495
18.352170 38.978786 -2.577982 89.738643     0.017233     0.736302    -0.000304     0.676434    7.172039   -0.257997   -0.577750   -0.026699   -0.022138    0.005762    0.001035   -0.001391    0.000563
18.455930 39.720272 -2.608461 89.667140    0.017470    0.739169    0.000380    0.673293     7.092176    -0.273496    -0.638388    -0.027453    -0.022205     0.005871     0.000522    -0.000592    -0.000005
18.559570 40.454570 -2.634473 89.593788   0.017686   0.741748   0.001509   0.670444     7.017824    -0.269959    -0.673023    -0.027489    -0.023653     0.004951     0.000384    -0.000609    -0.000915
18.663260 41.180872 -2.655249 89.518749   0.018240   0.743529   0.003146   0.668448     6.950830    -0.243913    -0.697220    -0.027729    -0.023380     0.002387    -0.001078    -0.000594    -0.000963
18.766880 41.897066 -2.683550 89.438625   0.018418   0.744818   0.004662   0.666998     6.869722    -0.214926    -0.705824    -0.026610    -0.023465     0.001840     0.001036     0.000502    -0.000834
18.870490 42.602969 -2.704203 89.359730   0.018507   0.745704   0.005531   0.665997     6.736997    -0.197779    -0.689074    -0.026817    -0.023343     0.002202     0.001874    -0.000493     0.000230
18.974110 43.292414 -2.726834 89.285612   0.018265   0.746238   0.005966   0.665402    6.597608   -0.196266   -0.671510   -0.026019   -0.023204    0.002675    0.002678    0.000119    0.001800
19.077720 43.969789 -2.748543 89.211045   0.018854   0.746499   0.006185   0.665090    6.456316   -0.190530   -0.652253   -0.027202   -0.023558    0.003226    0.000886   -0.001302    0.000923
19.181410 44.631914 -2.769431 89.141587   0.019748   0.746195   0.006114   0.665407    6.298166   -0.187883   -0.627280   -0.027395   -0.024375    0.003812   -0.001755   -0.002213    0.001092
19.285020 45.275164 -2.791500 89.075459   0.020732   0.745247   0.006068   0.666439    6.131897   -0.194386   -0.562301   -0.027716   -0.024968    0.003107   -0.002930   -0.002409    0.000605
19.388680 45.901789 -2.817971 89.016178   0.021162   0.743513   0.005912   0.668360    5.956076   -0.202638   -0.478242   -0.026806   -0.025150    0.002641   -0.003637   -0.002429    0.001047
19.492240 46.507099 -2.843513 88.964741   0.021224   0.740736   0.005482   0.671439    5.774312   -0.212952   -0.392960   -0.025685   -0.023906    0.001228   -0.002241   -0.001471    0.003528
19.595800 47.090927 -2.864646 88.926792   0.021049   0.736994   0.004950   0.675553     5.575214    -0.207497    -0.284213    -0.024214    -0.023272    -0.000481    -0.000812    -0.001387     0.004831
19.699410 47.653348 -2.891186 88.903355   0.020834   0.732391   0.004553   0.680550    5.364219   -0.205518   -0.160393   -0.021985   -0.024248    0.000312    0.000295    0.000150    0.004303
19.802910 48.191707 -2.918942 88.892675   0.020913   0.726584   0.003705   0.686750     5.196292    -0.232600     0.007056    -0.020944    -0.025629    -0.000920     0.000668     0.000592     0.003780
19.906520 48.716795 -2.951349 88.897394 0.021147 0.719453 0.002022 0.694216    5.102641   -0.273538    0.165024   -0.021724   -0.027469   -0.000324    0.002368    0.000962    0.002604
20.010020 49.232050 -2.982676 88.914561   0.021681   0.710929   0.000220   0.702930     5.043245    -0.268762     0.262014    -0.021897    -0.029113    -0.000138     0.001246    -0.000176     0.002993
20.113500 49.740097 -3.024914 88.939471    0.021054    0.700892   -0.001367    0.712955     5.022212    -0.271284     0.395848    -0.022440    -0.030289    -0.000189     0.003872    -0.000425     0.003992
20.217140 50.248564 -3.056235 88.985749    0.020128    0.688968   -0.002093    0.724509     4.998458    -0.273783     0.608212    -0.022221    -0.029149    -0.002955     0.004500    -0.000041     0.004536
20.320610 50.752234 -3.087385 89.050025    0.018720    0.674981   -0.001873    0.737595    4.934073   -0.266052    0.778883   -0.022578   -0.029486   -0.004787    0.003550    0.001743    0.006435
20.424100 51.250191 -3.119369 89.138695    0.016585    0.659125   -0.001235    0.751849    4.859029   -0.265327    1.014782   -0.022950   -0.028609   -0.004722    0.001917    0.003363    0.008314
20.527470 51.745026 -3.139287 89.256659     0.014598     0.641677    -0.000456     0.766836     4.807877    -0.256420     1.308590    -0.023644    -0.029454    -0.001969    -0.000545     0.002897     0.009242
20.630960 52.225681 -3.163199 89.403576     0.012091     0.622557    -0.000735     0.782481    4.671032   -0.258822    1.518500   -0.022337   -0.030466   -0.001403   -0.001547    0.002227    0.009887
20.734440 52.696312 -3.183623 89.571155    0.010305    0.601473   -0.001355    0.798825    4.499906   -0.226023    1.753352   -0.022587   -0.032053   -0.003248   -0.001263    0.001014    0.011174
20.837960 53.149836 -3.198808 89.764111   0.009999   0.578166  -0.001587   0.815856    4.366377   -0.179384    2.040924   -0.023356   -0.032082   -0.005085   -0.001048    0.000083    0.011968
20.941510 53.584312 -3.212898 89.973714    0.011284    0.552312   -0.001438    0.833560     4.142143    -0.173168     2.169566    -0.024520    -0.035123    -0.003303    -0.000606     0.000500     0.014573
21.045020 53.998778 -3.226231 90.208105    0.014144    0.524177   -0.001716    0.851490    3.930716   -0.177341    2.412057   -0.025649   -0.033571   -0.000491   -0.003955   -0.001493    0.016784
21.148370 54.395302 -3.248079 90.480888   0.016878   0.495116  -0.002605   0.868659    3.723716   -0.189396    2.698992   -0.025511   -0.032032    0.002599   -0.005085   -0.002983    0.016193
21.251900 54.760091 -3.271970 90.774265    0.017791    0.464686   -0.004747    0.885284    3.493705   -0.189382    2.971977   -0.024695   -0.032703    0.002117   -0.003127   -0.001908    0.016451
21.355440 55.103137 -3.296602 91.112848  0.017804  0.433904 -0.006858  0.900757     3.317232    -0.205447     3.354037    -0.022077    -0.035548    -0.002480     0.000352    -0.000607     0.013938
21.459000 55.419812 -3.326007 91.473696    0.018037    0.402936   -0.007360    0.915021    3.045144   -0.223043    3.450200   -0.020599   -0.037576   -0.002743    0.000947    0.001621    0.010295
21.562720 55.712739 -3.351663 91.844463    0.017395    0.371762   -0.006775    0.928141     2.806437    -0.243012     3.635113    -0.019699    -0.042107    -0.004178    -0.000633     0.004378     0.007944
21.666360 55.984408 -3.364312 92.227951    0.015796    0.339874   -0.005763    0.940321    2.591189   -0.230711    3.932890   -0.019163   -0.047531   -0.005111   -0.007228    0.002543    0.006097
21.770100 56.227956 -3.382441 92.637286    0.012436    0.307961   -0.004854    0.951305    2.274630   -0.211861    4.026111   -0.018584   -0.048415   -0.010105   -0.007009    0.003225    0.004316
21.873950 56.443989 -3.400495 93.054982    0.009292    0.276495   -0.004415    0.960960    2.027907   -0.173255    4.167141   -0.018462   -0.049296   -0.009605   -0.004228    0.003721    0.004050
21.977710 56.640771 -3.412560 93.494124    0.005806    0.246518   -0.004236    0.969112    1.848520   -0.142519    4.389629   -0.018701   -0.051153   -0.011423   -0.001695    0.003909    0.003505
22.081440 56.809380 -3.426205 93.943750    0.002930    0.218910   -0.005119    0.975727    1.609755   -0.118174    4.438762   -0.017196   -0.053972   -0.009385   -0.001796    0.001874    0.002410
22.185310 56.955990 -3.438590 94.399603    0.000990    0.194225   -0.006550    0.980935     1.401888    -0.066570     4.534124    -0.015343    -0.057864    -0.007451    -0.000742    -0.000564     0.000805
22.289170 57.081091 -3.433662 94.878502   -0.000041    0.173343   -0.009817    0.984813    1.252629   -0.005764    4.644803   -0.014937   -0.061512   -0.001810   -0.001517   -0.002587   -0.002103
22.393170 57.195404 -3.443429 95.352123   0.000313   0.155194  -0.011525   0.987817    1.175818   -0.002457    4.669790   -0.014686   -0.065701    0.001380   -0.002153   -0.004655   -0.005419
22.497160 57.312032 -3.451883 95.832458  0.000479  0.139254 -0.012117  0.990183    1.194692   -0.040715    4.732840   -0.014377   -0.066917    0.003186   -0.002735   -0.002843   -0.005169
22.601290 57.435109 -3.460908 96.315875    0.000932    0.127687   -0.009095    0.991772    1.212030   -0.083333    4.741483   -0.013192   -0.067824   -0.001090   -0.005786   -0.001463   -0.005661
22.705510 57.550974 -3.471394 96.804601    0.000999    0.119563   -0.007188    0.992800    1.147372   -0.082333    4.818190   -0.012308   -0.068318   -0.004105   -0.008770   -0.001291   -0.006189
22.809640 57.653170 -3.476332 97.304989   0.001050   0.113066  -0.008625   0.993550     1.073473    -0.028789     4.950116    -0.014108    -0.061350    -0.000852    -0.006582    -0.000885    -0.005397
22.913660 57.752362 -3.479140 97.818917   0.000841   0.108175  -0.011482   0.994065    1.041316   -0.031635    5.054328   -0.017005   -0.053910    0.004525   -0.004330   -0.001204   -0.005030
23.017610 57.846229 -3.485711 98.339164   0.001152   0.105094  -0.015190   0.994346     1.040653    -0.093600     5.148613    -0.016093    -0.052958     0.002855    -0.000692    -0.001677    -0.001218
23.121720 57.939356 -3.497629 98.871991   0.002447   0.103625  -0.018507   0.994441     1.060836    -0.139515     5.212775    -0.013983    -0.053127     0.000623     0.004771    -0.001681    -0.000003
23.225710 58.045966 -3.511386 99.408144   0.003600   0.103220  -0.019234   0.994466    1.134286   -0.143784    5.276008   -0.011193   -0.049033    0.001356    0.002179   -0.001068    0.000061
0.000000    0.000266   -0.001369    0.018149   -0.000092   -0.000197    0.000377    1.000000   -0.103622   -0.010891    7.304504   -0.007493    0.007264   -0.004213   -0.005922   -0.004756    0.021915
0.103736   -0.004938   -0.008380    0.710356   0.001072  -0.001985   0.001405   0.999996   -0.126937   -0.032482    7.274557   -0.010228    0.009884   -0.005888   -0.001472    0.000356    0.023320
0.518430 -0.061665 -0.028290 3.589661    0.002994   -0.010766    0.000714    0.999937  -0.269722  -0.106774   7.466195  -0.024626   0.024681  -0.013527   0.006059   0.015708   0.024146
1.036910 -0.223722 -0.078969  7.511964    0.000536   -0.021566   -0.001221    0.999767    -0.419103    -0.090358     7.816217    -0.043039     0.013508    -0.000736    -0.010978     0.009807     0.000138
1.555212 -0.439221 -0.129361 11.661981   0.000645  -0.026638   0.000672   0.999645    -0.458737    -0.098562     8.124304    -0.051991     0.017203     0.008402    -0.000471     0.000391    -0.001629
2.073666 -0.717700 -0.195038 16.037991    0.002988   -0.030440   -0.002688    0.999529   -0.567589   -0.152062    8.605538   -0.044668    0.023208    0.010084    0.003509   -0.001414    0.000296
2.591988 -0.997869 -0.263742 20.589284    0.002001   -0.033790   -0.001985    0.999425   -0.621834   -0.088383    8.908241   -0.043910    0.025008    0.003012    0.000810    0.000233   -0.001007
3.110441 -1.325892 -0.288637 25.280183   -0.001439   -0.030925   -0.002781    0.999517   -0.599459   -0.028908    9.149125   -0.041470    0.032384    0.003196   -0.001696    0.000554    0.001076
3.524925 -1.559439 -0.319066 29.152835    -0.000450    -0.029952    -0.000421     0.999551    -0.561691    -0.085834     9.436613    -0.041437     0.031386     0.012175    -0.000447    -0.004135     0.000281
4.043107 -1.855359 -0.361927 34.092574   0.002307  -0.033654   0.005109   0.999418   -0.676948   -0.142527    9.837796   -0.030995    0.034498   -0.004688    0.001637    0.000729    0.002111
4.561559 -2.236112 -0.424223 39.169896  -0.003051  -0.035622   0.002965   0.999356    -0.753894    -0.068304     9.833113    -0.033089     0.032413     0.005787    -0.000425    -0.004143     0.001782
5.079909 -2.618441 -0.454460 44.177562    -0.001637    -0.036474    -0.000586     0.999333   -0.708419   -0.088948    9.607984   -0.030269    0.033448    0.005837    0.001557   -0.003306    0.000669
5.701829 -3.069419 -0.520321 50.066576    0.000190   -0.038727   -0.001450    0.999249    -0.723852    -0.149476     9.434752    -0.026577     0.036249     0.004260    -0.000507    -0.002438     0.000967
6.220278 -3.443857 -0.586245 54.902406  -0.001305  -0.040105   0.004164   0.999186   -0.713040   -0.100153    9.252093   -0.024812    0.035529    0.007646    0.000344   -0.003832    0.001056
6.738741 -3.843779 -0.623719 59.629764  -0.001045  -0.042750   0.003984   0.999077    -0.759702    -0.090428     8.885695    -0.021011     0.041345    -0.000972     0.001717     0.003299     0.000096
7.256934 -4.273617 -0.704550 64.117706   -0.000818   -0.045340   -0.002020    0.998969    -0.818866    -0.090564     8.323394    -0.019293     0.044009     0.001216    -0.001806    -0.001459    -0.000921
7.878754 -4.781961 -0.754068 69.056425   -0.005306   -0.049429   -0.004702    0.998752    -0.814736    -0.063247     7.572629    -0.017425     0.048304     0.006324    -0.002044    -0.006043    -0.000503
8.811795 -5.468086 -0.871020 75.362895    0.004380   -0.054338   -0.004232    0.998504    -0.572048    -0.111879     5.842598    -0.016552     0.049273    -0.000689     0.005146     0.002933    -0.002366
10.264660 -5.644777 -1.008875 82.596771   -0.002326    0.054975   -0.005267    0.998471    0.735759   -0.066371    4.146322   -0.011515    0.042587    0.007792    0.002073   -0.001001   -0.013000
11.200570 -4.096872 -1.097245 85.826033    0.003319    0.305935   -0.005312    0.952032    2.477383   -0.138798    2.743520   -0.014702    0.034609    0.014147    0.006016    0.000502   -0.018630
12.030000 -1.604696 -1.160907 87.480703    0.005128    0.524602   -0.004397    0.851321     3.411370    -0.039447     1.301890    -0.018259     0.018234     0.005069    -0.007832    -0.000102    -0.008783
12.651070 0.612638 -1.213113 88.076065    0.009538    0.616711   -0.002451    0.787128     3.753417    -0.174924     0.750160    -0.020831     0.008846     0.019917    -0.005403    -0.000414    -0.000626
13.168770 2.682713 -1.256490 88.344625    0.021787    0.658387   -0.002685    0.752359     4.362493    -0.168428     0.537414    -0.022023     0.010565     0.010390    -0.000140    -0.000981     0.001203
13.893950 6.209776 -1.381526 88.569825  0.021683  0.687547  0.004487  0.725802     5.363432    -0.193307     0.235956    -0.025819     0.001075     0.014795     0.003841    -0.000118     0.002684
14.412270 9.185988 -1.480721 88.673645   0.024135   0.695403   0.006285   0.718187    6.272465   -0.216097    0.183892   -0.024770    0.004304    0.013883   -0.001957    0.000155    0.007532
15.241450 14.956032 -1.662074 88.889224  0.028582  0.689268  0.013862  0.723810     7.553925    -0.239911     0.452578    -0.023962    -0.008915     0.009844     0.000909    -0.000469    -0.001039
15.967390 20.617454 -1.854529 89.317590   0.025448   0.683343   0.003652   0.729644     7.928718    -0.339897     0.611111    -0.022684    -0.007638     0.006641     0.000300    -0.000860     0.002017
16.693090 26.320293 -2.105065 89.750999     0.019378     0.684876    -0.000740     0.728402    7.871461   -0.342525    0.576187   -0.024837   -0.015462    0.004879    0.004169    0.000868   -0.001642
17.107900 29.588070 -2.235169 89.955471   0.015006   0.693237  -0.001122   0.720552    7.792987   -0.304175    0.323993   -0.024313   -0.018565    0.006891   -0.001434    0.000247   -0.001023
17.626480 33.595855 -2.385254 90.010571    0.015223    0.711373    0.000371    0.702649    7.649972   -0.247721   -0.121709   -0.026221   -0.022702    0.002449   -0.001881   -0.001826    0.000056
17.937460 35.925731 -2.466738 89.943436     0.016095     0.722799    -0.000045     0.690871    7.481597   -0.257060   -0.345904   -0.026699   -0.022138    0.005762    0.001035   -0.001391    0.000563
18.559570 40.467067 -2.638755 89.600099   0.018005   0.741622   0.001619   0.670574    7.020385   -0.257861   -0.725078   -0.026019   -0.023204    0.002675    0.002678    0.000119    0.001800
19.285020 45.293475 -2.815792 89.071705   0.020681   0.745115   0.006338   0.666585    6.100844   -0.198131   -0.609573   -0.021985   -0.024248    0.000312    0.000295    0.000150    0.004303
20.320610 50.770418 -3.078365 89.043856    0.018893    0.674810   -0.001839    0.737748    4.933038   -0.242789    0.718298   -0.022587   -0.032053   -0.003248   -0.001263    0.001014    0.011174
20.941510 53.607946 -3.219439 89.968831    0.011018    0.552252   -0.001321    0.833603    4.192874   -0.206068    2.180095   -0.022077   -0.035548   -0.002480    0.000352   -0.000607    0.013938
21.459000 55.405058 -3.313572 91.449760    0.018594    0.402859   -0.007421    0.915043    3.041766   -0.197281    3.420231   -0.018462   -0.049296   -0.009605   -0.004228    0.003721    0.004050
22.185310 56.939258 -3.432459 94.382962    0.001662    0.194431   -0.005944    0.980897    1.397340   -0.123095    4.506582   -0.013192   -0.067824   -0.001090   -0.005786   -0.001463   -0.005661
22.913660 57.731824 -3.479724 97.805264   0.000737   0.108302  -0.011885   0.994047    0.949728   -0.021550    5.000333   -0.011193   -0.049033    0.001356    0.002179   -0.001068    0.000061
