%Each row is point id, position xyz in world frame
512 -12.788204 -1.226101 25.243728
580 -2.124879 1.285866 27.100147
575 -17.363971 -0.673926 123.348510
573 -3.555143 1.404111 29.576293
536 -5.520721 1.564742 18.182409
572 -4.956416 1.252674 38.485359
571 -13.965306 -3.627160 95.496989
535 -13.754386 -4.003107 34.766747
569 -3.584600 1.392549 22.569339
568 -16.705889 -0.975808 76.721793
567 -8.828074 -3.450592 44.394114
566 -8.918315 -5.351468 43.605631
532 -13.692713 -1.815774 32.253905
564 -6.569914 1.311522 30.900015
563 -6.398873 0.735251 29.543454
879 -14.394957 0.257529 43.810502
920 -17.602109 -3.330761 96.369312
892 -4.455604 1.482799 23.516741
882 -6.071782 1.548173 25.791642
810  5.180424 -0.903807 26.352523
562 -9.958667 -1.852968 42.539755
561 -9.739394 -3.112983 40.981257
528 -9.489735 1.366778 23.485608
558 -11.157417 -0.780645 42.486075
527 -13.383347 -1.514518 29.951954
557 -6.758636 -4.048652 28.376067
516 -11.264268 1.696471 23.960843
526 -13.486015 -3.065793 30.368171
525 -13.569141 -4.233143 30.231858
515 -13.043928 -0.131242 26.517487
556 -12.014432 -2.962488 43.468719
795 2.012134 -1.623846 23.353362
725 -5.628405 1.497504 22.075344
555 -6.920018 -3.233745 28.007943
692 -9.547486 0.993288 23.362566
0 -12.438027 -0.273741 16.395107
1 -12.589935 0.603661 16.670932
2 -12.668367 0.900665 16.689979
3 -12.450488 0.766963 16.408401
4 -12.372671 1.452101 16.372038
5 -13.346319 -1.023754 17.968905
6 -11.931447 -0.440425 15.969924
7 -12.261492 0.858851 16.345775
8 -16.691209 -2.933244 23.022100
9 -16.649119 -3.007856 23.050708
10 -7.957258 1.209038 10.948805
11 -13.685383 -0.967066 19.039179
12 -12.153721 1.091802 16.977745
13 -7.934935 1.448382 11.162466
15 -12.436742 1.644092 18.048102
16 -7.045445 1.769706 10.113116
17 -15.816521 -0.880742 23.157175
18 -15.803749  -0.087110  23.249332
19 -13.103237 0.798795 19.169899
20 -7.322463 1.430365 10.808323
21 -6.856653 1.689856 10.120547
22 -7.467990 -2.448425 11.210467
24 -10.744200 -2.560904 15.938947
25 -12.802460 0.852396 19.040334
26 -13.524478 1.275555 20.041109
27 -11.074619 -2.457946 16.903369
28 -10.738019 1.595686 16.377915
29 -6.962384 1.478040 10.628745
30 -7.559950 -2.613935 11.951322
31 -14.558689 -1.063414 22.855443
32 -14.158705 -0.400096 22.154055
33 -12.432948 1.376878 19.559785
34 -11.128510 1.620066 17.549448
35 -6.564392 1.712296 10.245190
38 -14.551288 0.476372 23.374571
39 -10.488718 -3.133588 16.945763
40 -13.946371 0.730874 23.173086
41 -6.153210 1.618883 10.175875
42 -6.071510 1.720999 9.984167
43 -8.746186 -3.259038 14.719664
44 -14.054386 -1.027094 23.765020
45 -13.677234 -0.623666 22.900977
46 -10.958703 1.378568 18.562870
47 -10.773466 -3.234088 18.495948
48 -9.827445 -2.434399 16.942271
49 -9.367916 -1.448882 16.057163
50 -6.226106 1.422406 10.735625
51 -5.691615 1.708550 10.060617
52 -8.056371 -3.131636 14.312361
53 -9.093142 -2.792401 16.660632
54 -10.180662 -1.320984 18.367647
56 -9.609488 -0.140527 17.572596
58 -9.023095 1.401014 16.610930
59 -9.151796 1.507631 16.715436
60 -8.198558 -3.092141 15.253867
61 -10.302128 -2.204576 19.231249
62 -5.376175 1.625585 10.207069
63 -9.465023 -3.634491 18.430038
66 -9.367218 0.571001 18.156912
69 -13.077016 1.379925 26.174118
70 -8.302636 1.656775 16.523593
71 -4.664187 1.687023 9.298966
73 -13.059122 1.484811 27.121699
74 -6.910005 -3.144484 14.745726
75 -9.102298 -2.033969 19.360338
76 -7.354851 -3.049559 16.072635
77 -13.324630 -4.180839 28.940619
78 -13.320576 -1.349329 28.956460
80 -7.837680 1.562439 16.927016
81 -13.060684 1.145163 29.237883
82 -13.245182 -0.173631 30.233049
84 -7.115309 -3.556292 16.670754
85 -8.158929 -3.618838 18.955129
86 -9.154840 -2.588727 21.207238
87 -13.722115 -3.361561 32.299021
88 -13.605227 -1.905297 32.022806
91 -14.038057 -4.285505 35.162127
92 -12.903890 -2.817583 32.148733
93 -13.994044 -2.206276 34.860352
94 -13.256328 0.248099 34.001809
96 -6.669819 1.619108 17.174004
97 -6.773511 1.544840 17.372265
98 -6.045702 -3.309706 16.076678
99 -6.713748 -3.342393 18.086381
100 -9.762504 -3.517051 27.467525
102 -13.769499 -1.994194 38.758998
103 -8.778187 0.534329 24.813531
104 -4.035914 1.661021 11.386478
105 -3.517025 1.654122 9.861600
106 -9.588924 -6.226388 27.461979
107 -6.024910 1.031446 17.386315
108 -2.864135 1.648962 8.168378
109 -6.124435 -3.313565 18.446805
111 -3.759535 1.654479 11.056431
112 -2.723933 1.699288 8.151386
113 -5.534946 1.552320 17.027647
114 -8.651462 -6.172889 27.657593
115 -8.526090 -5.094214 26.804203
116 -8.890961 -4.204310 28.499128
119 -7.532448 0.597153 24.206856
120 -7.635370 1.510796 24.295634
122 -3.097580 1.645672 9.828438
123 -14.924228 -0.655518 49.799203
124 -3.212192 1.647414 10.747993
125 -2.735482 1.627223 9.415354
126 -2.516851 1.840824 8.544893
127 -7.934378 -5.348061 28.588906
128 -7.378377 -3.462091 26.698382
130 -7.859923 -6.403325 29.595920
131 -7.618741 -2.943520 28.417215
132 -11.394481 -1.322587 42.863797
133 -7.466140 0.299422 28.035878
134 -5.495466 1.531625 20.052738
135 -3.914262 1.633147 14.566850
136 -3.096492 1.652689 11.884050
137 -2.280363 1.615008 8.898817
138 -6.175745 -5.159752 26.590274
139 -6.571266 -4.153065 27.919293
140 -10.429920 -2.125685 44.289170
141 -15.061165 -0.891659 63.513254
142 -6.782615 0.706312 29.303850
143 -1.948546 1.656888 8.137186
144 -6.745356 -5.522660 29.462292
145 -9.042161 -3.783461 39.905711
146 -6.698911 1.539995 29.621050
147 -2.465283 1.510649 11.231789
148 -1.948933 1.616252 8.749473
149 -2.857478 1.539725 13.584713
150 -1.620763 1.584501 7.748427
151 -5.481189 -5.231152 28.510223
152 -6.361005 -4.696348 32.945043
153 -13.137861 -3.430699 67.913726
154 -14.851253 -0.247788 78.938854
155 -7.247263 0.500772 38.413132
156 -3.240348 1.541398 17.065838
157 -28.091716 -13.783102 152.526415
158 -1.942362 1.595005 10.538139
159 -1.609032 1.589801 8.745724
160 -3.668146 1.430080 21.473468
161 -17.091792 -4.942086 108.041058
162 -10.335790 0.275551 65.872048
163 -8.806136 0.669948 56.105721
164 -1.954586 1.473273 13.731863
165 -1.701320 1.566213 11.876567
166 -2.986559 1.441502 21.967055
167 -1.295265 1.571747 9.230799
170 -10.842655 -6.401734 105.208999
172 -0.804967 1.531096 8.314608
173 -1.300019 1.475330 14.901679
174 -0.919974 1.527023 11.501423
176 -1.471474 1.358684 22.335825
178 -0.792223 1.526770 11.660548
179 -4.055090 -6.173177 69.188974
180 -4.695362 -4.670431 79.667690
181 -6.308190 1.167148 134.165807
182 -1.193734 -5.421165 38.599264
183 -1.314670 -4.748076 37.666956
184 -3.195566 -0.919914 100.422420
185 -1.260087 1.185903 37.302831
186 -0.250625 1.538163 8.703774
187 -0.307970 1.535907 7.838433
188 -0.283266 1.552179 7.719507
189 -1.234491 -4.381617 39.731656
190 -2.107175 -4.391418 71.308822
191 -0.509453 1.373575 22.138817
192 -0.369885 1.463859 14.933425
193 -0.240835 1.517427 10.474412
194 -0.210987 -3.747649 22.202536
195 -0.043837 -4.368976 22.635138
196 0.228350 -4.582677 24.334513
197 0.427889 -4.099287 33.802924
198 0.198600 1.240000 28.204816
199 0.216217 1.403314 18.330289
200 0.137797 1.451384 15.649210
202 0.106687 1.544985 8.787425
203 0.357466 -4.675854 23.248595
204 0.739947 -3.742573 36.884308
205 0.815657 0.266215 40.362096
206 0.126329 1.575530 7.729566
207 0.878930 -3.424964 16.014922
209 1.234747 -3.256863 22.735172
210 1.722072 -3.685012 33.601036
213 3.064095 -1.084681 53.192056
214 1.295137 1.320880 21.923306
215 0.591595 1.527998 11.564818
216 0.485473 1.539959 9.016673
217 1.505592 0.866785 24.298285
218 1.470080 -3.297063 16.356432
219 1.664019 1.460666 19.113450
220 1.267827 1.470043 13.749546
221 0.813188 1.502153 9.476738
222 0.794084 1.554428 9.094181
223 2.140206 -2.798742 22.918161
224 2.485198 -1.404499 24.561211
226 1.608514 -2.363154 15.541205
227 2.447402 0.713669 23.108454
229 1.954596 -2.661256 14.671947
230 1.927743 -1.996103 14.728753
232 1.890117 1.377085 14.169424
233 1.547109 1.506876 11.657713
234 1.164994 1.539639 9.162047
235 2.269186 0.884180 15.762988
238 2.607596 -1.618904 15.461016
239 2.531884 0.654113 15.073845
240 2.193427 1.336931 13.155446
241 2.739999 -3.321171 15.935461
242 2.619644 -2.682367 14.828068
244 2.527818 1.092908 14.839446
246 2.083184 1.500381 10.585722
248  3.158490 -0.150084 15.234697
249 3.203868 0.367865 15.222626
250 2.226108 0.661010 10.539407
251 2.208983 1.509327 10.823896
253 3.646251 -1.874489 15.991138
254 3.629899 -3.251605 14.664927
255 3.572278 -3.026848 14.589870
256 3.629621 -2.580420 15.180508
257 4.102062 -2.372983 16.179501
260 6.160844 -1.824063 22.473703
261 6.370506 -1.592546 23.302720
262 2.272810 0.898941 8.087258
263 2.228274 1.231608 8.203830
264 2.232247 1.225857 7.900874
265 2.217547 1.458416 7.856980
266 2.093404 1.527339 7.453188
267 4.359512 -3.184675 14.982836
268 4.296443 -2.476706 14.776036
269 4.410362 -2.245768 15.285851
272   4.091493  -0.043735  12.816306
274 2.407405 0.787807 7.382368
275 2.417303 1.544496 7.566570
276 4.746079 -2.993062 14.151204
279 4.000286 0.144950 11.989846
280 2.529516 0.564501 7.339928
281 2.566118 0.721150 7.355809
282 2.428053 0.914692 7.136680
283 2.535570 1.338316 7.326428
284 2.538830 0.546509 7.177159
285 2.579377 1.217613 7.247690
286 2.726001 0.908744 7.154350
287 8.986232 -1.246650 22.966444
288 3.060706 0.140756 7.989676
289 2.778885 1.308925 7.117083
290 3.300522 0.438392 8.179901
291 2.899392 0.729335 7.223020
292 2.866949 1.003054 7.153114
293 9.759497 -1.877799 23.616548
294 9.334474 -1.880818 22.876149
295 9.529232 -1.491287 23.086356
296 3.059999 1.552792 7.507776
297 3.055014 0.608065 7.166025
298 3.032720 0.661604 7.157913
300 3.197070 1.526907 7.478535
301 3.641234 1.371440 8.239461
302 10.168441 -3.009016 22.303959
304 10.543209 -1.131862 23.055665
305  10.534639  -0.095113  23.262849
307 10.977894 -5.059905 23.450963
308 10.978552 -4.190579 23.448580
309 3.727325 0.487267 7.989215
311 8.542630 -2.084261 17.369387
312 3.555188 0.699620 7.260064
313 3.824871 0.695039 7.484383
314 3.668225 0.899018 7.141215
315 3.710481 1.216568 7.310906
316 8.388682 -3.483710 15.745054
317 8.347906 -2.901928 15.751681
318 8.425432 -2.211254 15.691027
319  8.425997 -0.713062 15.695153
320 8.860252 -1.465033 16.376693
323 9.201519 -1.165664 15.274383
324 9.215428 -0.887020 15.289997
325  9.810590 -0.935122 15.912169
326   8.432205  -0.096528  13.591336
327 8.389735 -2.095057 13.295188
328 8.585959 -1.904929 13.602113
329 9.465770 -1.229100 15.050078
330  8.802435 -0.640042 13.716468
331  8.950591 -0.275434 13.825640
332  8.453056 -0.618045 11.860059
333 8.812623 -1.636000 12.200997
334  8.706381 -0.679895 12.118967
787 3.834553 -1.342661 41.728458
798 2.139826 0.845024 22.940236
737 -6.290809 1.610469 26.855551
723 -7.140274 0.759866 25.339351
799 2.473016 -1.582305 23.897648
952 1.559645 -1.596838 36.633754
481 11.322209 -3.111440 23.288546
480 10.704218 -0.917528 22.404559
479 10.330916 -2.084608 21.819239
477 10.715233 -3.065932 23.001187
475 10.141361 -1.718115 22.886768
474 9.556595 -2.285897 22.643495
473 7.655886 -1.245688 22.590211
472 7.494185 -1.068393 22.854204
471 6.444123 -1.318114 23.564409
468 3.429367 0.626978 15.766393
465 2.895741 0.609435 15.168703
451 3.391866 1.152092 21.877093
954 1.848791 -2.050934 35.212990
449 1.791494 1.425006 14.176668
440 2.231881 1.249246 21.974113
439  2.372366  0.033898 22.812730
940 -0.616919 1.246998 27.306075
878 -14.395138 -1.341091 43.691938
939 -0.722103 -4.399986 50.798249
893 -6.861864 1.459452 30.391329
881 -6.041960 1.533381 25.797735
913 -13.412227 -3.164296 65.632538
938 -0.743390 -4.046253 36.216695
910 -5.058476 1.442195 29.755287
898 -10.832572 -2.871575 42.158858
895 -8.734091 -3.891803 35.684422
880 -7.185794 0.900112 28.375290
897 -5.153299 1.455187 26.180670
896 -8.591584 0.446545 35.350355
894 -8.328971 -4.302422 34.437514
925 -7.457592 1.278856 55.172349
926 -4.549736 1.220267 37.512803
950  1.306073 -0.934563 36.980911
927 -2.610465 1.384490 25.958687
749 -8.385273 -5.117288 43.353238
792 1.923647 0.807440 23.981670
514 -12.849180 -2.959800 25.728918
724 -7.426507 1.512622 25.977280
811 5.047516 -2.001937 25.570627
708 -7.719660 1.310421 23.990301
816 5.107696 0.329442 22.860769
738 -4.413043 1.472296 22.201840
742 -5.357006 1.510377 25.900019
788   3.928827   0.004883  43.000441
784 4.141462 -5.933339 44.004258
793 1.778669 1.256082 22.768102
746 -6.651469 1.134847 32.314139
786 3.728847 -2.348099 41.300322
817 5.150509 0.949110 22.882923
782 1.798637 -3.631732 33.798302
818  5.192302 -0.932823 22.768166
693 -13.060014 -2.867512 28.640580
783 3.366921 -3.329877 41.915466
804 2.802975 0.667708 23.652334
684 -13.440004 -0.869977 26.527344
752 -5.348583 -4.839228 31.481360
755 -4.426501 1.300618 35.367739
805 2.441808 1.330667 21.600364
813 5.119853 0.894850 25.642819
687 -13.118206 -2.855010 26.476275
502 -12.855365 -0.433456 24.274580
522 -13.388452 -1.606394 29.322633
1081 -11.671895 -3.142077 59.041616
1113 2.148181 -3.915797 49.234308
1082 -14.370826 -4.134936 70.403082
1008 -13.320285 -3.482284 32.814555
1118 3.100875 -3.607828 46.979466
1037 -10.769144 -3.137429 34.002291
1009 -13.454806 -1.955693 32.986672
1063 -10.156999 -3.547658 39.362312
1038 -9.019256 -2.313821 31.206238
1010 -13.459314 -0.097440 32.855460
1098 -2.715464 -4.070835 73.201895
1039 -11.854021 -1.071127 36.128680
1011 -13.153655 -2.511195 32.840468
1040 -13.801731 -0.622298 39.021421
1012 -13.425803 -2.783884 33.695936
1064 -10.379743 0.205931 39.894411
1041 -7.145022 1.390470 28.353771
1013 -13.133710 -0.526323 33.430595
1099 -1.144928 1.288396 33.378747
1042 -9.472355 -1.886805 32.354355
1014 -8.400625 1.700317 27.586601
1115 0.178746 1.254840 26.721049
1043 -7.287825 0.387821 28.832519
1015 -13.455701 0.193367 34.603894
1065 -9.263039 -4.463692 38.207776
1044 -9.559159 -2.411468 33.220771
1016 -8.178867 1.512747 27.632773
1100 -0.800939 -3.981780 40.749563
1045 -8.001753 0.187171 30.472251
1017 -11.763928 -1.322283 32.703772
1111 -0.101243 1.321547 27.157472
1046 -13.492122 -1.722459 40.581316
1018 -7.855110 0.167024 27.376526
1066 -5.101907 1.436169 28.216127
1047 -10.051518 -4.002341 34.722543
1090 -7.663182 0.944640 70.175549
1092 -12.235027  0.073595 115.459493
1091 -2.322065 1.296208 29.468655
1019 -7.867124 0.390413 27.437443
1101 -0.894532 -4.052253 51.953042
1048 -6.371201 1.125097 27.945947
1020 -8.135686 1.329982 27.650891
1067 -9.544579 -3.811088 40.072484
1108 -0.090054 1.304126 30.023922
1093 -3.422594 1.240736 39.919761
1068 -10.576195 -2.160339 42.687766
1021 -11.063445 -3.395114 31.915830
1120 0.325870 1.332573 26.888079
1049 -14.230265 -2.975978 42.548418
1022 -10.007186 -0.137071 30.588375
1069 -7.553469 1.120457 34.988029
1095 -2.138440 1.276217 32.888033
1023 -7.259992 0.728287 26.988673
1070 -8.998616 -4.959188 38.900918
1114 0.512184 1.318617 33.109565
1024 -7.340980 0.796765 27.146175
1071 -6.609096 1.365881 32.851797
1050 -6.112004 1.493230 27.813717
1105 -0.563887 1.265783 26.173131
1079 -3.988605 1.364852 28.426006
1051 -12.909745 -2.076311 40.885544
1126 3.590660 -3.957796 39.891481
1072 -9.249670 -3.743775 42.090375
1052 -8.610761 -3.449842 33.093564
1096 -4.420876 -6.773619 72.429283
1102 -0.699988 1.311145 25.898225
1025 -9.040907 -2.264224 29.772632
1107 0.104339 -3.672617 33.670735
1026 -7.438253 1.215527 27.484570
1027 -8.876305 -2.604913 29.579494
1116 0.759415 1.282154 30.551401
437 3.658190 -3.856094 46.671458
435 3.574166 0.187333 50.508484
434 3.474451 -2.281877 48.456144
433 1.422751 -3.592986 23.121524
428 0.371675 1.441510 16.654928
427 1.141638 -2.749500 37.691996
425 0.654347 -2.972511 43.297388
423 -0.886313 -2.497311 88.279979
421 -1.122603 -5.709846 38.312004
419 -3.545221 -6.865969 72.329874
412 -2.225088 1.540970 20.050582
411 -2.754428 1.415960 23.522857
410 -13.960382 -3.369576 106.664889
407 -2.664980 1.394616 19.410260
405 -7.363576 1.264116 37.071173
404 -10.715028 -1.866419 53.673179
403 -5.707909 -5.102448 29.917013
402 -3.810121 1.552794 17.983499
401 -6.502598 -3.775817 28.818004
400 -6.755045 -5.150588 29.962531
398 -7.424655 -4.941830 28.386083
397 -7.592158 1.229179 28.446964
396 -7.238949 -3.797060 27.266348
394 -9.321156 -1.490308 31.101372
392 -7.059271 1.027157 23.871304
391 -7.862068 0.330312 26.125993
390 -5.754051 1.648168 18.284971
389 -12.993894 -1.168056 37.447174
388 -9.650431 -2.942282 28.941844
387 -9.267657 -3.791540 27.723438
385 -13.855348 -2.012898 36.488902
383 -13.588979 -0.872261 35.080875
382 -13.297173 -2.568777 34.780453
380 -6.311490 1.442992 16.987399
377 -13.533427 -0.339588 32.154570
376 -13.688631 -4.163011 32.552223
372 -10.181833 1.086710 23.562386
371 -13.506018 -3.937896 30.013580
369 -13.266798 -0.392306 29.016871
368 -13.177783 -2.969482 28.665824
366 -8.605073 -2.257042 19.041857
362 -7.948808 1.668726 16.864078
361 -13.190729 0.750067 25.635054
360 -13.103070 -0.590784 25.429277
359 -13.031900 -1.504763 25.263306
353 -12.970984 -0.423610 24.088517
350 -9.640218 1.140764 17.967853
550 -7.017074 1.565831 24.000749
549 -6.982191 1.002385 24.010961
547 -9.501253 -1.837986 30.315932
542 -10.424121 -3.288398 29.932521
344 -9.714882 -2.241458 17.600294
909 -7.293174 0.318511 37.232717
841 -12.912248 0.158515 30.839792
833 -13.500380 -3.580300 29.619583
928 -15.469794 -3.901600 110.072916
949 0.979019 -2.943225 33.949775
842 -8.358922 0.446685 24.758596
856 -9.204245 -3.215671 27.725631
947 0.928886 -4.572145 34.157371
863 -10.083055 -2.048484 30.864283
849 -7.283219 0.676068 24.453721
834 -13.024040 -1.195847 29.482955
868 -7.244676 0.989839 26.372436
850 -6.427326 1.488124 23.095912
864 -8.300691 -2.895873 27.991956
918 -2.656523 1.365927 22.883207
840 -13.018819 -1.418260 31.027272
929 -2.676219 1.184015 31.144495
911 -3.201699 1.452000 23.860346
919 -2.610570 1.345870 23.188512
814 5.047058 -1.626348 22.809929
694 -13.352036 -1.033998 29.048979
337 -15.044308 -0.691082 22.985009
958 0.645790 1.286913 23.246251
815 5.049373 -1.359275 22.651881
808  4.753388 -0.734546 28.277464
735 -7.070982 1.171833 28.458637
720 -7.942179 -3.159316 27.218122
744 -9.081878 -4.468104 41.091834
714 -10.311577 -3.233085 30.360489
707 -13.573491 -1.558684 34.535369
732 -5.830189 1.518283 23.870574
718 -9.581780 -1.907726 30.275362
697 -13.786326 -1.342674 31.835565
731 -14.175721 -0.904040 43.930903
741 -9.926642 -3.809604 40.170045
747 -15.155028 -4.483155 62.888722
740 -11.280333 -0.726666 43.177188
727 -7.758060  0.052444 27.234812
751 -3.202999 1.396199 22.436612
710 -13.819385 -2.624217 35.184140
739 -6.366415 -3.366170 28.549914
953 1.918127 0.244460 37.596663
669 9.904632 -2.445492 23.054947
711 -7.555649 1.210242 23.839438
775 0.269151 1.309189 22.038683
773  0.921307 -0.699871 39.609582
772 0.764333 -3.042776 35.804878
771 0.719053 -4.574919 34.407019
701 -13.843203 -3.323725 33.490066
768  -0.042131  -0.026917  41.044718
702 -13.691466 -1.145869 33.289647
750 -6.404784 1.432306 35.068481
765 -0.308102 -4.654926 34.808764
722 -7.579745 0.459253 26.364796
785 3.621688 -4.442822 41.349105
764 -1.468239 -4.737366 38.333398
736 -8.587326 0.325129 33.117081
820 5.621618 0.933669 22.992159
876 -14.060266 -0.568874 41.458226
861 -9.987926 -2.459972 30.351638
871 -7.257592 -2.831236 27.354870
843 -8.453327 0.563600 24.807410
844 -9.198917 0.238433 25.940561
862 -8.002040 -3.159895 27.391915
835 -13.286317 -1.896840 30.439913
917 -7.519019 -3.804701 42.549192
836 -13.290897 -3.304997 31.070792
852 -13.919673 -0.819251 34.719662
948 1.101736 -3.665787 34.064268
853 -7.796037 0.459118 25.440477
886 -8.523402 -2.904859 32.702526
865 -9.344793 -2.126404 30.032781
845 -13.516484 -2.894565 32.832984
922 -3.656363 1.319312 29.382369
945 0.083615 -4.124081 33.923203
857 -12.959279 -1.578516 34.908563
763 -1.370849 1.378350 26.170317
633 4.842963 1.000871 23.525326
632 4.811522 0.265433 23.554204
629  5.426309 -0.797899 26.453374
628 5.030700 0.551875 25.906002
627 5.202768 -2.253552 26.560442
626 3.811845 1.202883 22.274429
624 4.796596 -2.205156 26.349667
621  4.857206 -0.959934 29.491289
620 4.312516 -1.993906 27.067289
618 3.336090 -2.765547 23.839929
617 2.485998 1.268276 21.718623
615 2.506314 1.010192 22.852802
614 2.606666 0.260660 23.458315
613    2.595552   -0.003973   23.512196
612  2.657503 -0.870799 23.845617
606 1.636799 1.263431 20.417528
602 1.193089 1.329680 22.062704
601 3.495209 -0.831290 47.206619
600 3.597071 -2.508301 45.553896
916 -4.468992 1.376829 29.857215
837 -12.835694 -0.172491 30.537483
858 -7.207073 0.926288 25.352719
854 -7.006321 0.837001 24.179373
869 -7.426021 -3.183664 27.466226
855 -7.097967 1.259715 24.285854
943 -0.131321 -0.115712 41.333057
935 -4.420898 0.227097 102.861741
900 -7.456425 -4.223044 34.275409
903 -8.252667 0.432431 37.967457
859 -5.730601 1.454649 22.808623
870 -7.360436 0.491620 27.402355
872 -9.119892 -2.183594 30.964849
901 -14.553094 -0.197613 55.354222
902 -6.451173 1.500425 32.073935
924 -2.338487 1.379263 22.865595
908 -3.110042 1.414943 22.736106
899 -7.305419 -4.178753 33.705566
944 0.206399 1.283132 40.171946
593 0.417418 1.193940 34.427533
592 0.268390 -6.189210 38.426548
590 0.049883 -5.760061 37.103188
589 -0.526431 -6.569761 40.065892
588 -1.181010 0.644861 59.756294
587 -1.229730  0.069525 60.621924
1130 3.831728 -4.035483 37.505358
1127 3.881839 -2.303766 41.559708
875 -7.868670  0.038969 28.480060
946 1.969303 -2.797124 66.424434
923 -2.782890 1.330228 25.036219
867 -7.337530 0.646563 26.397222
936 -1.375160 -4.486136 41.815055
951 0.454102 1.342751 26.875655
846 -13.505250 -2.318687 32.770704
838 -13.620537 -2.844217 31.800714
847 -13.456078  0.073633 33.138229
839 -13.160548 -2.678025 31.115303
906 -16.000243 -2.250689 65.653937
942 0.137195 -1.868412 54.242851
934 -4.313285 -4.901976 77.306747
921 -12.721521 -1.901089 72.859785
874 -9.017431 -1.429150 30.891047
883 -7.012589 -3.020800 28.248672
762 -1.625385 1.288851 27.229871
761 -3.617765 1.165922 54.491739
703 -13.351087 -0.186452 32.826020
915 -6.994696 1.302504 39.653080
885 -8.844307 -3.292710 33.340849
884 -9.754326 -2.757051 34.052162
890 -6.741778 0.679754 28.559343
904 -3.445166 1.304015 23.451321
905 -8.673848 -4.104633 41.059359
914 -15.583767 0.416151 73.832503
933 -2.653347 1.238304 38.684843
873 -9.378735 -1.913555 31.362099
907 -15.671346 -1.838703 64.323597
848 -7.264603 1.429488 24.048194
957 2.071473 0.915518 34.262987
956 2.269680 -4.940528 35.813182
1005 4.754743 -2.077826 24.273219
1004 5.037393 0.806706 25.105110
1003 4.943149 -1.960869 25.428964
1002 5.012978 -1.169267 26.122562
1001 4.971099 -2.043305 25.988910
1000 2.637101 -1.768923 22.933706
999 2.548954 0.931554 22.980232
998  2.938737  0.071242 23.932136
997 2.614175 -1.202148 23.108718
996 2.616929 -1.295500 23.124932
995 2.583703 -1.161920 23.792458
994 2.685105 -1.785986 23.896972
993  2.426027 -0.177739 23.418057
992 2.425804 -0.838180 23.414181
991 1.928342 1.302069 22.193671
990 2.244830 0.954301 23.103547
989 2.313114 0.579524 23.283555
988  2.416140 -0.841266 23.780687
987 2.365074 -1.281723 23.584990
986 2.323432 -2.132079 24.000129
985 2.273105 -2.233299 23.999466
984 4.642966 0.610384 32.568682
983 1.830135 1.087868 22.975961
982 4.538232 0.776704 32.704484
981 4.472723 0.443535 32.222376
980  4.338231 -0.664141 33.417068
979 4.327466 -2.282162 33.432469
978 1.361199 1.300458 22.280949
977 1.567810 1.030237 23.008743
976 4.474732 0.230595 34.634290
975 4.133561 -3.032724 34.372007
974 1.317799 1.008028 23.370489
973 1.567842 1.073819 24.782384
972 4.259670 -2.268363 36.677625
971 4.023324 -4.229715 35.604374
970 3.760315 -4.757973 35.384771
969  4.243101  0.097635 37.818240
968 4.195691 -1.883822 37.847995
967 0.993782 1.296074 22.814218
966  3.873804 -0.729408 39.057085
965 3.924384 -5.351899 38.836931
964 1.256298 1.250737 25.452207
962 3.860195 0.415822 40.612907
961 3.977328 -4.438331 40.912484
960 3.719039 -4.308934 41.900075
959 0.670417 1.334240 23.162920
955 0.986588 1.299655 26.682870
1122 0.521661 1.375461 26.584972
1053 -14.019603 -4.138987 43.376176
1085 -24.312118 -11.623052 113.256329
1073 -6.237842 1.341709 33.378260
1061 -6.468895 0.689608 29.701419
1103 -0.079476 -4.009618 38.802904
1086 -24.494241 -13.465494 125.236987
1125 3.821062 -5.199147 41.220708
1074 -8.556018 -5.007051 40.480928
1075 -14.611487 -1.341836 57.989607
1028 -9.629389 -0.595825 30.828845
1029 -8.720650 -1.559538 29.661636
1117 1.235816 -3.066192 33.054561
1083 -10.200317 0.258759 53.866741
1062 -5.073419 1.408541 26.946549
1088 -5.213354 1.240813 43.839611
1054 -6.544001 0.566756 29.043997
1030 -7.958879 -0.067757 28.798488
1106 0.642779 -3.286652 49.921580
1076 -4.579458 1.342004 28.910358
1089 -3.184741 1.301597 32.426889
1055 -8.457404 -3.166175 33.498035
1112 -0.239853 1.336139 25.962981
1084 -6.746386 1.150025 41.245452
1056 -8.470139 -3.252681 33.922101
1109 2.305503 -1.536145 65.227363
1121 4.018548 0.203093 48.544555
1031 -13.947986 -0.764042 38.249541
1057 -11.197441 -3.417709 39.688900
1077 -11.751992 -3.166005 53.637261
1104 -0.404818 1.261560 28.712965
1032 -7.573009 0.443328 28.409423
1097 -8.321764 -7.255048 128.017091
1058 -17.403420 -4.148786 52.509088
1119  2.569329 -0.714428 42.949816
1033 -7.570389 1.338788 28.369923
1094 -3.872784 -0.146083 51.094280
1059 -17.555141 -1.513591 52.687569
1078 -12.462222 -2.627104 55.664730
1123 2.068917 -2.657821 35.681723
1034 -9.781516 -1.618750 32.104744
1080 -7.922142 -3.892371 41.818112
1087 -3.769159 1.353177 31.459987
1124 0.799523 1.360459 27.601061
1035 -13.616737 -1.083036 38.116910
1060 -13.994948 0.229535 45.669007
1036 -8.949373 -2.351356 31.004935
1129 3.968323 -2.983847 38.439943
1128 1.223902 1.269644 28.048891
1166 2.770039 0.731688 24.926337
1165 4.872857 0.857958 29.414645
1164 2.237829 0.804199 24.253538
1163 4.750662 0.516992 29.344534
1162  4.957534 -0.970749 29.905047
1161 4.765413 -2.064224 29.656182
1160 1.844356 0.880083 23.797374
1159 2.062708 0.809204 24.351915
1158 4.561520 -2.193583 29.874893
1157 4.295581 -2.040177 29.453333
1156 4.466602 0.207434 30.129272
1155 4.088650 0.211011 29.942647
1154  4.547557 -0.771758 31.583966
1153  4.304411 -0.695538 31.091104
1152 4.432054 -1.724184 31.389658
1151 4.505704 0.498294 32.961095
1150 4.597003 0.407203 32.947564
1149 5.422479 -2.603007 35.494444
1148 4.303790 -3.213299 32.365347
1147  4.370279 -0.844615 33.542818
1146 4.308003 -1.561560 33.488197
1145 4.093853 -3.461874 32.807646
1144 4.412762 -3.447162 34.534498
1143  4.145536 -0.630017 34.165474
1142 4.214254 -2.251199 34.938950
1141 3.997273 0.701847 34.735308
1140 4.047167 0.341064 35.078051
1139 4.294306 -1.593430 36.026933
1138 4.650931 -4.585246 37.187941
1137 1.682197 1.252445 26.976048
1136 4.146689 -1.876502 35.838696
1135 4.238138 0.792705 38.370769
1134 1.321201 1.293667 26.783735
1133 1.640853 1.359678 28.238791
1132 4.006027 -1.463898 37.737924
1131 4.010038 -2.858118 37.891761
491 -9.882569 -1.947746 15.785628
484 -9.881202 -2.087895 15.699919
485 -9.685021 -1.852526 16.029243
486 -5.360313 1.537547 12.012372
487 4.682485 -1.917880 15.846059
488 5.184408 -2.565694 14.316571
489  9.620457 -0.200328 22.246434
490  8.450767 -0.359288 15.784528
832 -12.530737 -7.439647 113.460037
830 -12.452870 -1.516195 24.672470
683 -8.952195 -1.915691 18.612091
681 -9.052514 -1.375051 18.347901
682 -8.874848 -1.617857 18.590782
1006 -8.789030 0.313446 23.824509
1007 5.618753 -0.982140 22.915787
831 2.742748 -0.657270 15.501621
1167 -13.199359 -1.513440 32.209193
1168 -7.324170 0.408935 28.745842
1169 -0.071836 1.147767 44.397848
1170 -7.175613 1.420996 25.388495
